[gd_scene load_steps=39 format=2]

[ext_resource path="res://Player/Player.tscn" type="PackedScene" id=1]
[ext_resource path="res://models/tent_smallOpen.obj" type="ArrayMesh" id=2]
[ext_resource path="res://models/Materials/wood.tres" type="Material" id=3]
[ext_resource path="res://models/Materials/mushroom.tres" type="Material" id=4]
[ext_resource path="res://models/Materials/mushroomDark.tres" type="Material" id=5]
[ext_resource path="res://models/campfire_small.obj" type="ArrayMesh" id=6]
[ext_resource path="res://models/Materials/woodLight.tres" type="Material" id=7]
[ext_resource path="res://models/campfireStones_rocks.obj" type="ArrayMesh" id=8]
[ext_resource path="res://models/Materials/stone.tres" type="Material" id=9]
[ext_resource path="res://models/fence_strong.obj" type="ArrayMesh" id=10]
[ext_resource path="res://models/flower_red1.obj" type="ArrayMesh" id=11]
[ext_resource path="res://models/Materials/leavesGreen.tres" type="Material" id=12]
[ext_resource path="res://models/flower_beige3.obj" type="ArrayMesh" id=13]
[ext_resource path="res://models/flower_blue3.obj" type="ArrayMesh" id=14]
[ext_resource path="res://models/Materials/water.tres" type="Material" id=15]
[ext_resource path="res://models/logs_stack.obj" type="ArrayMesh" id=16]
[ext_resource path="res://models/log_small.obj" type="ArrayMesh" id=17]
[ext_resource path="res://models/mushroom_redGroup.obj" type="ArrayMesh" id=18]
[ext_resource path="res://models/plant_bushDetailed.obj" type="ArrayMesh" id=19]
[ext_resource path="res://models/plant_bushLarge.obj" type="ArrayMesh" id=20]
[ext_resource path="res://models/plant_bushSmall.obj" type="ArrayMesh" id=21]
[ext_resource path="res://models/stone_small1.obj" type="ArrayMesh" id=22]
[ext_resource path="res://models/stone_smallFlat1.obj" type="ArrayMesh" id=23]
[ext_resource path="res://models/stone_tall1.obj" type="ArrayMesh" id=24]
[ext_resource path="res://models/treeStump_deep_side.obj" type="ArrayMesh" id=25]
[ext_resource path="res://models/tree_default_dark.obj" type="ArrayMesh" id=26]
[ext_resource path="res://models/Materials/leaves.tres" type="Material" id=27]
[ext_resource path="res://models/tree_pine_tallSquare.obj" type="ArrayMesh" id=28]
[ext_resource path="res://models/tree_pine_tall_detailed.obj" type="ArrayMesh" id=29]
[ext_resource path="res://models/tree_pine_tall.obj" type="ArrayMesh" id=30]
[ext_resource path="res://models/tree_pine_short.obj" type="ArrayMesh" id=31]
[ext_resource path="res://models/tree_pine_shortSquare.obj" type="ArrayMesh" id=32]
[ext_resource path="res://models/tree_pineSmall_square3.obj" type="ArrayMesh" id=33]
[ext_resource path="res://models/tree_pineSmall_square2.obj" type="ArrayMesh" id=34]
[ext_resource path="res://models/tree_pineSmall_round3.obj" type="ArrayMesh" id=35]
[ext_resource path="res://models/tree_pineSmall_round1.obj" type="ArrayMesh" id=36]
[ext_resource path="res://models/ground_dirt.obj" type="ArrayMesh" id=37]

[sub_resource type="Environment" id=1]
ambient_light_color = Color( 0.996078, 1, 0.854902, 1 )
ssao_enabled = true
ssao_color = Color( 0.184314, 0, 0.372549, 1 )
ssao_blur = 1
ssao_edge_sharpness = 10.0
dof_blur_far_distance = 100.0

[node name="Spatial" type="Spatial"]

[node name="Player" parent="." instance=ExtResource( 1 )]
transform = Transform( 1, 0, 0, 0, 1, 0, 0, 0, 1, 13, 0, 10 )

[node name="KinematicBody" parent="Player" index="0"]
editor/display_folded = true
step_height = 0.0

[node name="Camera" parent="Player" index="1"]
current = true

[node name="tent_smallOpen" type="MeshInstance" parent="."]
editor/display_folded = true
transform = Transform( -1, 0, -1.50996e-07, 0, 1, 0, 1.50996e-07, 0, -1, 5, 0, -5 )
mesh = ExtResource( 2 )
material/0 = ExtResource( 3 )
material/1 = ExtResource( 4 )
material/2 = ExtResource( 5 )

[node name="campfire_small" type="MeshInstance" parent="tent_smallOpen"]
transform = Transform( 1, 0, 0, 0, 1, 0, 0, 0, 1, 0, 0, -10 )
mesh = ExtResource( 6 )
material/0 = ExtResource( 7 )
material/1 = ExtResource( 3 )

[node name="campfireStones_rocks" type="MeshInstance" parent="tent_smallOpen"]
editor/display_folded = true
transform = Transform( 1, 0, 0, 0, 1, 0, 0, 0, 1, 0, 0, -10 )
mesh = ExtResource( 8 )
material/0 = ExtResource( 9 )

[node name="fence_strong" type="MeshInstance" parent="tent_smallOpen/campfireStones_rocks"]
transform = Transform( -0.179511, 0, 0.983756, 0, 1, 0, -0.983756, 0, -0.179511, 4, 0, -8 )
mesh = ExtResource( 10 )
material/0 = ExtResource( 3 )

[node name="flower_red1" type="MeshInstance" parent="tent_smallOpen/campfireStones_rocks"]
transform = Transform( -0.487959, 0, 0.872867, 0, 1, 0, -0.872867, 0, -0.487959, -14, 0, -10 )
mesh = ExtResource( 11 )
material/0 = ExtResource( 4 )
material/1 = ExtResource( 12 )

[node name="flower_beige3" type="MeshInstance" parent="tent_smallOpen/campfireStones_rocks"]
transform = Transform( -0.487959, 0, 0.872867, 0, 1, 0, -0.872867, 0, -0.487959, -15, 0, -19 )
mesh = ExtResource( 13 )
material/0 = ExtResource( 12 )
material/1 = ExtResource( 7 )

[node name="flower_blue3" type="MeshInstance" parent="tent_smallOpen/campfireStones_rocks"]
transform = Transform( -0.487959, 0, 0.872867, 0, 1, 0, -0.872867, 0, -0.487959, -11, 0, -21 )
mesh = ExtResource( 14 )
material/0 = ExtResource( 12 )
material/1 = ExtResource( 15 )

[node name="logs_stack" type="MeshInstance" parent="tent_smallOpen/campfireStones_rocks"]
transform = Transform( 0.866297, 0, 0.499528, 0, 1, 0, -0.499528, 0, 0.866297, -17, 0, -1.43051e-06 )
mesh = ExtResource( 16 )
material/0 = ExtResource( 3 )
material/1 = ExtResource( 7 )

[node name="log_small" type="MeshInstance" parent="tent_smallOpen/campfireStones_rocks"]
transform = Transform( -0.487959, 0, 0.872867, 0, 1, 0, -0.872867, 0, -0.487959, -2, 0, -32 )
mesh = ExtResource( 17 )
material/0 = ExtResource( 3 )
material/1 = ExtResource( 7 )

[node name="mushroom_redGroup" type="MeshInstance" parent="tent_smallOpen/campfireStones_rocks"]
transform = Transform( 0.656785, 0, 0.754078, 0, 1, 0, -0.754078, 0, 0.656785, -15, 0, -26 )
mesh = ExtResource( 18 )
material/0 = ExtResource( 9 )
material/1 = ExtResource( 4 )

[node name="plant_bushDetailed" type="MeshInstance" parent="tent_smallOpen/campfireStones_rocks"]
transform = Transform( -0.487959, 0, 0.872867, 0, 1, 0, -0.872867, 0, -0.487959, -0.999998, 0, -28 )
mesh = ExtResource( 19 )
material/0 = ExtResource( 12 )

[node name="plant_bushLarge" type="MeshInstance" parent="tent_smallOpen/campfireStones_rocks"]
transform = Transform( -0.487959, 0, 0.872867, 0, 1, 0, -0.872867, 0, -0.487959, -25, 0, 0.999998 )
mesh = ExtResource( 20 )
material/0 = ExtResource( 12 )

[node name="plant_bushSmall" type="MeshInstance" parent="tent_smallOpen/campfireStones_rocks"]
transform = Transform( -0.487959, 0, 0.872867, 0, 1, 0, -0.872867, 0, -0.487959, -26, 0, -30 )
mesh = ExtResource( 21 )
material/0 = ExtResource( 12 )

[node name="stone_small1" type="MeshInstance" parent="tent_smallOpen/campfireStones_rocks"]
transform = Transform( 0.656785, 0, 0.754078, 0, 1, 0, -0.754078, 0, 0.656785, -13, 0, -25 )
mesh = ExtResource( 22 )
material/0 = ExtResource( 9 )

[node name="stone_smallFlat1" type="MeshInstance" parent="tent_smallOpen/campfireStones_rocks"]
transform = Transform( -0.487959, 0, 0.872867, 0, 1, 0, -0.872867, 0, -0.487959, 1, 0, -25 )
mesh = ExtResource( 23 )
material/0 = ExtResource( 9 )

[node name="stone_tall1" type="MeshInstance" parent="tent_smallOpen/campfireStones_rocks"]
transform = Transform( -0.937959, 0, 0.346746, 0, 1, 0, -0.346746, 0, -0.937959, -18, 0, -30 )
mesh = ExtResource( 24 )
material/0 = ExtResource( 9 )

[node name="treeStump_deep_side" type="MeshInstance" parent="tent_smallOpen/campfireStones_rocks"]
transform = Transform( 0.215977, 0, -0.976398, 0, 1, 0, 0.976398, 0, 0.215977, -11, 0, 0.999999 )
mesh = ExtResource( 25 )
material/0 = ExtResource( 3 )
material/1 = ExtResource( 7 )

[node name="tree_default_dark" type="MeshInstance" parent="tent_smallOpen/campfireStones_rocks"]
transform = Transform( -0.487959, 0, 0.872867, 0, 1, 0, -0.872867, 0, -0.487959, -31, 0, -32 )
mesh = ExtResource( 26 )
material/0 = ExtResource( 3 )
material/1 = ExtResource( 27 )

[node name="tree_pine_tallSquare" type="MeshInstance" parent="tent_smallOpen/campfireStones_rocks"]
transform = Transform( -0.13914, 0, -0.990273, 0, 1, 0, 0.990273, 0, -0.13914, -28, 0, 3 )
mesh = ExtResource( 28 )
material/0 = ExtResource( 3 )
material/1 = ExtResource( 27 )
material/2 = ExtResource( 27 )

[node name="tree_pine_tall_detailed" type="MeshInstance" parent="tent_smallOpen/campfireStones_rocks"]
transform = Transform( -0.176804, 0, 0.984246, 0, 1, 0, -0.984246, 0, -0.176804, 1, 0, -30 )
mesh = ExtResource( 29 )
material/0 = ExtResource( 27 )
material/1 = ExtResource( 3 )

[node name="tree_pine_tall" type="MeshInstance" parent="tent_smallOpen/campfireStones_rocks"]
transform = Transform( -0.763158, 0, 0.646212, 0, 1, 0, -0.646212, 0, -0.763158, -25, 0, -32 )
mesh = ExtResource( 30 )
material/0 = ExtResource( 27 )
material/1 = ExtResource( 3 )

[node name="tree_pine_short" type="MeshInstance" parent="tent_smallOpen/campfireStones_rocks"]
transform = Transform( 0.453968, 0, -0.891018, 0, 1, 0, 0.891018, 0, 0.453968, -7, 0, -31 )
mesh = ExtResource( 31 )
material/0 = ExtResource( 27 )
material/1 = ExtResource( 3 )

[node name="tree_pine_shortSquare" type="MeshInstance" parent="tent_smallOpen/campfireStones_rocks"]
transform = Transform( -0.431127, 0, 0.902291, 0, 1, 0, -0.902291, 0, -0.431127, -31, 0, -2.86102e-06 )
mesh = ExtResource( 32 )
material/0 = ExtResource( 3 )
material/1 = ExtResource( 27 )
material/2 = ExtResource( 27 )

[node name="tree_pineSmall_square3" type="MeshInstance" parent="tent_smallOpen/campfireStones_rocks"]
transform = Transform( 0.952088, 0, 0.305825, 0, 1, 0, -0.305825, 0, 0.952088, -11, 0, -30 )
mesh = ExtResource( 33 )
material/0 = ExtResource( 3 )
material/1 = ExtResource( 27 )
material/2 = ExtResource( 27 )

[node name="tree_pineSmall_square2" type="MeshInstance" parent="tent_smallOpen/campfireStones_rocks"]
transform = Transform( 0.87182, 0, -0.489826, 0, 1, 0, 0.489826, 0, 0.87182, -31, 0, -6 )
mesh = ExtResource( 34 )
material/0 = ExtResource( 27 )
material/1 = ExtResource( 3 )

[node name="tree_pineSmall_round3" type="MeshInstance" parent="tent_smallOpen/campfireStones_rocks"]
transform = Transform( -0.836227, 0, -0.548384, 0, 1, 0, 0.548384, 0, -0.836227, -6, 0, -26 )
mesh = ExtResource( 35 )
material/0 = ExtResource( 27 )

[node name="tree_pineSmall_round1" type="MeshInstance" parent="tent_smallOpen/campfireStones_rocks"]
transform = Transform( 0.58362, 0, -0.812027, 0, 1, 0, 0.812027, 0, 0.58362, -30, 0, -28 )
mesh = ExtResource( 36 )
material/0 = ExtResource( 27 )

[node name="ground_dirt" type="MeshInstance" parent="."]
editor/display_folded = true
transform = Transform( 1, 0, 0, 0, 1, 0, 0, 0, 1, 0, -2.5, 0 )
mesh = ExtResource( 37 )
material/0 = ExtResource( 3 )
material/1 = ExtResource( 12 )

[node name="ground_dirt2" type="MeshInstance" parent="ground_dirt"]
transform = Transform( 1, 0, 0, 0, 1, 0, 0, 0, 1, 0, 0, 10 )
mesh = ExtResource( 37 )
material/0 = ExtResource( 3 )
material/1 = ExtResource( 12 )

[node name="ground_dirt3" type="MeshInstance" parent="ground_dirt"]
transform = Transform( 1, 0, 0, 0, 1, 0, 0, 0, 1, 10, 0, 10 )
mesh = ExtResource( 37 )
material/0 = ExtResource( 3 )
material/1 = ExtResource( 12 )

[node name="ground_dirt4" type="MeshInstance" parent="ground_dirt"]
transform = Transform( 1, 0, 0, 0, 1, 0, 0, 0, 1, 0, 0, 20 )
mesh = ExtResource( 37 )
material/0 = ExtResource( 3 )
material/1 = ExtResource( 12 )

[node name="ground_dirt5" type="MeshInstance" parent="ground_dirt"]
transform = Transform( 1, 0, 0, 0, 1, 0, 0, 0, 1, 10, 0, 20 )
mesh = ExtResource( 37 )
material/0 = ExtResource( 3 )
material/1 = ExtResource( 12 )

[node name="ground_dirt6" type="MeshInstance" parent="ground_dirt"]
transform = Transform( 1, 0, 0, 0, 1, 0, 0, 0, 1, 0, 0, 30 )
mesh = ExtResource( 37 )
material/0 = ExtResource( 3 )
material/1 = ExtResource( 12 )

[node name="ground_dirt7" type="MeshInstance" parent="ground_dirt"]
transform = Transform( 1, 0, 0, 0, 1, 0, 0, 0, 1, 10, 0, 30 )
mesh = ExtResource( 37 )
material/0 = ExtResource( 3 )
material/1 = ExtResource( 12 )

[node name="ground_dirt8" type="MeshInstance" parent="ground_dirt"]
transform = Transform( 1, 0, 0, 0, 1, 0, 0, 0, 1, 0, 0, 40 )
mesh = ExtResource( 37 )
material/0 = ExtResource( 3 )
material/1 = ExtResource( 12 )

[node name="ground_dirt9" type="MeshInstance" parent="ground_dirt"]
transform = Transform( 1, 0, 0, 0, 1, 0, 0, 0, 1, 10, 0, 40 )
mesh = ExtResource( 37 )
material/0 = ExtResource( 3 )
material/1 = ExtResource( 12 )

[node name="ground_dirt10" type="MeshInstance" parent="ground_dirt"]
transform = Transform( 1, 0, 0, 0, 1, 0, 0, 0, 1, 20, 0, 10 )
mesh = ExtResource( 37 )
material/0 = ExtResource( 3 )
material/1 = ExtResource( 12 )

[node name="ground_dirt11" type="MeshInstance" parent="ground_dirt"]
transform = Transform( 1, 0, 0, 0, 1, 0, 0, 0, 1, 20, 0, 20 )
mesh = ExtResource( 37 )
material/0 = ExtResource( 3 )
material/1 = ExtResource( 12 )

[node name="ground_dirt12" type="MeshInstance" parent="ground_dirt"]
transform = Transform( 1, 0, 0, 0, 1, 0, 0, 0, 1, 30, 0, 20 )
mesh = ExtResource( 37 )
material/0 = ExtResource( 3 )
material/1 = ExtResource( 12 )

[node name="ground_dirt13" type="MeshInstance" parent="ground_dirt"]
transform = Transform( 1, 0, 0, 0, 1, 0, 0, 0, 1, 20, 0, 30 )
mesh = ExtResource( 37 )
material/0 = ExtResource( 3 )
material/1 = ExtResource( 12 )

[node name="ground_dirt14" type="MeshInstance" parent="ground_dirt"]
transform = Transform( 1, 0, 0, 0, 1, 0, 0, 0, 1, 30, 0, 40 )
mesh = ExtResource( 37 )
material/0 = ExtResource( 3 )
material/1 = ExtResource( 12 )

[node name="ground_dirt15" type="MeshInstance" parent="ground_dirt"]
transform = Transform( 1, 0, 0, 0, 1, 0, 0, 0, 1, 20, 0, 40 )
mesh = ExtResource( 37 )
material/0 = ExtResource( 3 )
material/1 = ExtResource( 12 )

[node name="ground_dirt16" type="MeshInstance" parent="ground_dirt"]
transform = Transform( 1, 0, 0, 0, 1, 0, 0, 0, 1, 30, 0, 10 )
mesh = ExtResource( 37 )
material/0 = ExtResource( 3 )
material/1 = ExtResource( 12 )

[node name="ground_dirt17" type="MeshInstance" parent="ground_dirt"]
transform = Transform( 1, 0, 0, 0, 1, 0, 0, 0, 1, 30, 0, 30 )
mesh = ExtResource( 37 )
material/0 = ExtResource( 3 )
material/1 = ExtResource( 12 )

[node name="DirectionalLight" type="DirectionalLight" parent="."]
transform = Transform( -2.77928e-08, -0.771834, 0.635824, -3.37379e-08, 0.635824, 0.771834, -1, -1.77636e-15, -4.37114e-08, 49, 20, 20 )
light_color = Color( 1, 0.984314, 0.733333, 1 )
shadow_enabled = true
shadow_color = Color( 0.105882, 0, 0.282353, 1 )

[node name="Camera" type="Camera" parent="."]
transform = Transform( -3.34849e-08, -0.642788, 0.766044, -2.80971e-08, 0.766044, 0.642788, -1, -3.55271e-15, -4.37114e-08, 49, 20, 20 )
environment = SubResource( 1 )

[editable path="Player"]
