[gd_scene load_steps=32 format=2]

[ext_resource path="res://Player/Player.tscn" type="PackedScene" id=1]
[ext_resource path="res://cameracontrol.gd" type="Script" id=2]
[ext_resource path="res://models fixed/etc/tent_smallOpen.obj" type="ArrayMesh" id=3]
[ext_resource path="res://models fixed/etc/campfire_small.obj" type="ArrayMesh" id=4]
[ext_resource path="res://models fixed/etc/campfireStones_rocks.obj" type="ArrayMesh" id=5]
[ext_resource path="res://models fixed/fences/fence_strong.obj" type="ArrayMesh" id=6]
[ext_resource path="res://models fixed/foliage/flower_blue3.obj" type="ArrayMesh" id=7]
[ext_resource path="res://models fixed/foliage/flower_red1.obj" type="ArrayMesh" id=8]
[ext_resource path="res://models fixed/foliage/flower_white3.obj" type="ArrayMesh" id=9]
[ext_resource path="res://models fixed/etc/logs_stack.obj" type="ArrayMesh" id=10]
[ext_resource path="res://models fixed/etc/log_small.obj" type="ArrayMesh" id=11]
[ext_resource path="res://models fixed/foliage/mushroom_redGroup.obj" type="ArrayMesh" id=12]
[ext_resource path="res://models fixed/foliage/plant_bushDetailed.obj" type="ArrayMesh" id=13]
[ext_resource path="res://models fixed/foliage/plant_bushLarge.obj" type="ArrayMesh" id=14]
[ext_resource path="res://models fixed/foliage/plant_bushSmall.obj" type="ArrayMesh" id=15]
[ext_resource path="res://models fixed/stones/stone_small1.obj" type="ArrayMesh" id=16]
[ext_resource path="res://models fixed/stones/stone_smallFlat1.obj" type="ArrayMesh" id=17]
[ext_resource path="res://models fixed/stones/stone_tall1.obj" type="ArrayMesh" id=18]
[ext_resource path="res://models fixed/trees/treeStump_deep_side.obj" type="ArrayMesh" id=19]
[ext_resource path="res://models fixed/trees/tree_default.obj" type="ArrayMesh" id=20]
[ext_resource path="res://models fixed/trees/tree_pineSmall_square2.obj" type="ArrayMesh" id=21]
[ext_resource path="res://models fixed/trees/tree_pineSmall_square3.obj" type="ArrayMesh" id=22]
[ext_resource path="res://models fixed/trees/tree_pine_short.obj" type="ArrayMesh" id=23]
[ext_resource path="res://models fixed/trees/tree_pine_shortSquare.obj" type="ArrayMesh" id=24]
[ext_resource path="res://models fixed/trees/tree_pineSmall_round1.obj" type="ArrayMesh" id=25]
[ext_resource path="res://models fixed/trees/tree_pineSmall_round3.obj" type="ArrayMesh" id=26]
[ext_resource path="res://models fixed/trees/tree_pine_tall.obj" type="ArrayMesh" id=27]
[ext_resource path="res://models fixed/trees/tree_pine_tallSquare.obj" type="ArrayMesh" id=28]
[ext_resource path="res://models fixed/trees/tree_pine_tall_detailed.obj" type="ArrayMesh" id=29]
[ext_resource path="res://models fixed/ground/ground_dirt.obj" type="ArrayMesh" id=30]

[sub_resource type="Environment" id=1]
ambient_light_color = Color( 0.996078, 1, 0.854902, 1 )
ssao_enabled = true
ssao_color = Color( 0.184314, 0, 0.372549, 1 )
ssao_blur = 1
ssao_edge_sharpness = 10.0
dof_blur_far_distance = 100.0

[node name="Spatial" type="Spatial"]

[node name="Player" parent="." instance=ExtResource( 1 )]

[node name="KinematicBody" parent="Player" index="0"]
step_height = 0.0
activeCameraPath = NodePath("../../Camera")

[node name="DirectionalLight" type="DirectionalLight" parent="."]
transform = Transform( -2.77928e-08, -0.771834, 0.635824, -3.37379e-08, 0.635824, 0.771834, -1, -1.77636e-15, -4.37114e-08, 49, 20, 20 )
light_color = Color( 1, 0.984314, 0.733333, 1 )
shadow_enabled = true
shadow_color = Color( 0.105882, 0, 0.282353, 1 )

[node name="Camera" type="Camera" parent="."]
transform = Transform( -2.01351e-08, -0.642788, 0.766044, -2.80971e-08, 0.766044, 0.642788, -1, -8.58103e-09, -3.34849e-08, 50, 20, 20 )
environment = SubResource( 1 )
current = true
script = ExtResource( 2 )
followPointPath = NodePath("../Player/KinematicBody")

[node name="tent_smallOpen2" type="MeshInstance" parent="."]
editor/display_folded = true
transform = Transform( -1, 0, -1.50996e-07, 0, 1, 0, 1.50996e-07, 0, -1, -15, 0, -25 )
mesh = ExtResource( 3 )
material/0 = null
material/1 = null
material/2 = null

[node name="campfire_small" type="MeshInstance" parent="tent_smallOpen2"]
transform = Transform( 1, 0, 0, 0, 1, 0, 0, 0, 1, 0, 0, -10 )
mesh = ExtResource( 4 )
material/0 = null
material/1 = null

[node name="campfireStones_rocks" type="MeshInstance" parent="tent_smallOpen2"]
editor/display_folded = true
transform = Transform( 1, 0, 0, 0, 1, 0, 0, 0, 1, 0, 0, -10 )
mesh = ExtResource( 5 )
material/0 = null

[node name="fence_strong" type="MeshInstance" parent="tent_smallOpen2/campfireStones_rocks"]
transform = Transform( -0.173648, 0, 0.984808, 0, 1, 0, -0.984808, 0, -0.173648, 4, 0, -8 )
mesh = ExtResource( 6 )
material/0 = null

[node name="flower_blue3" type="MeshInstance" parent="tent_smallOpen2/campfireStones_rocks"]
transform = Transform( -0.48481, 0, 0.87462, 0, 1, 0, -0.87462, 0, -0.48481, -11, 0, -21 )
mesh = ExtResource( 7 )
material/0 = null
material/1 = null

[node name="flower_red1" type="MeshInstance" parent="tent_smallOpen2/campfireStones_rocks"]
transform = Transform( -0.48481, 0, 0.87462, 0, 1, 0, -0.87462, 0, -0.48481, -14, 0, -10 )
mesh = ExtResource( 8 )
material/0 = null
material/1 = null

[node name="flower_white3" type="MeshInstance" parent="tent_smallOpen2/campfireStones_rocks"]
transform = Transform( -0.48481, 0, 0.87462, 0, 1, 0, -0.87462, 0, -0.48481, -15, 0, -19 )
mesh = ExtResource( 9 )
material/0 = null
material/1 = null

[node name="logs_stack" type="MeshInstance" parent="tent_smallOpen2/campfireStones_rocks"]
transform = Transform( 0.866025, 0, 0.5, 0, 1, 0, -0.5, 0, 0.866025, -17, 0, 0 )
mesh = ExtResource( 10 )
material/0 = null
material/1 = null

[node name="log_small" type="MeshInstance" parent="tent_smallOpen2/campfireStones_rocks"]
transform = Transform( -0.48481, 0, 0.87462, 0, 1, 0, -0.87462, 0, -0.48481, -2, 0, -32 )
mesh = ExtResource( 11 )
material/0 = null
material/1 = null

[node name="mushroom_redGroup" type="MeshInstance" parent="tent_smallOpen2/campfireStones_rocks"]
transform = Transform( 0.656059, 0, 0.75471, 0, 1, 0, -0.75471, 0, 0.656059, -15, 0, -26 )
mesh = ExtResource( 12 )
material/0 = null
material/1 = null

[node name="plant_bushDetailed" type="MeshInstance" parent="tent_smallOpen2/campfireStones_rocks"]
transform = Transform( -0.48481, 0, 0.87462, 0, 1, 0, -0.87462, 0, -0.48481, -1, 0, -28 )
mesh = ExtResource( 13 )
material/0 = null

[node name="plant_bushLarge" type="MeshInstance" parent="tent_smallOpen2/campfireStones_rocks"]
transform = Transform( -0.48481, 0, 0.87462, 0, 1, 0, -0.87462, 0, -0.48481, -25, 0, 1 )
mesh = ExtResource( 14 )
material/0 = null

[node name="plant_bushSmall" type="MeshInstance" parent="tent_smallOpen2/campfireStones_rocks"]
transform = Transform( -0.48481, 0, 0.87462, 0, 1, 0, -0.87462, 0, -0.48481, -26, 0, -30 )
mesh = ExtResource( 15 )
material/0 = null

[node name="stone_small1" type="MeshInstance" parent="tent_smallOpen2/campfireStones_rocks"]
transform = Transform( 0.656059, 0, 0.75471, 0, 1, 0, -0.75471, 0, 0.656059, -13, 0, -25 )
mesh = ExtResource( 16 )
material/0 = null

[node name="stone_smallFlat1" type="MeshInstance" parent="tent_smallOpen2/campfireStones_rocks"]
transform = Transform( -0.48481, 0, 0.87462, 0, 1, 0, -0.87462, 0, -0.48481, 1, 0, -25 )
mesh = ExtResource( 17 )
material/0 = null

[node name="stone_tall1" type="MeshInstance" parent="tent_smallOpen2/campfireStones_rocks"]
transform = Transform( -0.939693, 0, 0.34202, 0, 1, 0, -0.34202, 0, -0.939693, -18, 0, -30 )
mesh = ExtResource( 18 )
material/0 = null

[node name="treeStump_deep_side" type="MeshInstance" parent="tent_smallOpen2/campfireStones_rocks"]
transform = Transform( 0.224951, 0, -0.97437, 0, 1, 0, 0.97437, 0, 0.224951, -11, 0, 1 )
mesh = ExtResource( 19 )
material/0 = null

[node name="tree_default" type="MeshInstance" parent="tent_smallOpen2/campfireStones_rocks"]
transform = Transform( -0.48481, 0, 0.87462, 0, 1, 0, -0.87462, 0, -0.48481, -31, 0, -32 )
mesh = ExtResource( 20 )
material/0 = null
material/1 = null

[node name="tree_pineSmall_square2" type="MeshInstance" parent="tent_smallOpen2/campfireStones_rocks"]
transform = Transform( 0.866025, 0, -0.5, 0, 1, 0, 0.5, 0, 0.866025, -31, 0, -6 )
mesh = ExtResource( 21 )
material/0 = null
material/1 = null

[node name="tree_pineSmall_square3" type="MeshInstance" parent="tent_smallOpen2/campfireStones_rocks"]
transform = Transform( 0.956305, 0, 0.292372, 0, 1, 0, -0.292372, 0, 0.956305, -11, 0, -30 )
mesh = ExtResource( 22 )
material/0 = null
material/1 = null

[node name="tree_pine_short" type="MeshInstance" parent="tent_smallOpen2/campfireStones_rocks"]
transform = Transform( 0.45399, 0, -0.891007, 0, 1, 0, 0.891007, 0, 0.45399, -7, 0, -31 )
mesh = ExtResource( 23 )
material/0 = null
material/1 = null

[node name="tree_pine_shortSquare" type="MeshInstance" parent="tent_smallOpen2/campfireStones_rocks"]
transform = Transform( -0.422618, 0, 0.906308, 0, 1, 0, -0.906308, 0, -0.422618, -31, 0, 0 )
mesh = ExtResource( 24 )
material/0 = null
material/1 = null

[node name="tree_pineSmall_round1" type="MeshInstance" parent="tent_smallOpen2/campfireStones_rocks"]
transform = Transform( 0.573576, 0, -0.819152, 0, 1, 0, 0.819152, 0, 0.573576, -30, 0, -28 )
mesh = ExtResource( 25 )
material/0 = null

[node name="tree_pineSmall_round3" type="MeshInstance" parent="tent_smallOpen2/campfireStones_rocks"]
transform = Transform( -0.838671, 0, -0.544639, 0, 1, 0, 0.544639, 0, -0.838671, -6, 0, -26 )
mesh = ExtResource( 26 )
material/0 = null

[node name="tree_pine_tall" type="MeshInstance" parent="tent_smallOpen2/campfireStones_rocks"]
transform = Transform( -0.766045, 0, 0.642787, 0, 1, 0, -0.642787, 0, -0.766045, -25, 0, -32 )
mesh = ExtResource( 27 )
material/0 = null
material/1 = null

[node name="tree_pine_tallSquare" type="MeshInstance" parent="tent_smallOpen2/campfireStones_rocks"]
transform = Transform( -0.139173, 0, -0.990268, 0, 1, 0, 0.990268, 0, -0.139173, -28, 0, 3 )
mesh = ExtResource( 28 )
material/0 = null
material/1 = null

[node name="tree_pine_tall_detailed" type="MeshInstance" parent="tent_smallOpen2/campfireStones_rocks"]
transform = Transform( -0.173648, 0, 0.984808, 0, 1, 0, -0.984808, 0, -0.173648, 1, 0, -30 )
mesh = ExtResource( 29 )
material/0 = null
material/1 = null

[node name="ground_dirt2" type="MeshInstance" parent="."]
editor/display_folded = true
transform = Transform( 1, 0, 0, 0, 1, 0, 0, 0, 1, -20, -2.5, -20 )
mesh = ExtResource( 30 )
material/0 = null
material/1 = null

[node name="ground_dirt3" type="MeshInstance" parent="ground_dirt2"]
transform = Transform( 1, 0, 0, 0, 1, 0, 0, 0, 1, 0, 0, 10 )
mesh = ExtResource( 30 )
material/0 = null
material/1 = null

[node name="ground_dirt4" type="MeshInstance" parent="ground_dirt2"]
transform = Transform( 1, 0, 0, 0, 1, 0, 0, 0, 1, 0, 0, 20 )
mesh = ExtResource( 30 )
material/0 = null
material/1 = null

[node name="ground_dirt5" type="MeshInstance" parent="ground_dirt2"]
transform = Transform( 1, 0, 0, 0, 1, 0, 0, 0, 1, 0, 0, 30 )
mesh = ExtResource( 30 )
material/0 = null
material/1 = null

[node name="ground_dirt6" type="MeshInstance" parent="ground_dirt2"]
transform = Transform( 1, 0, 0, 0, 1, 0, 0, 0, 1, 0, 0, 40 )
mesh = ExtResource( 30 )
material/0 = null
material/1 = null

[node name="ground_dirt7" type="MeshInstance" parent="ground_dirt2"]
transform = Transform( 1, 0, 0, 0, 1, 0, 0, 0, 1, 10, 0, 10 )
mesh = ExtResource( 30 )
material/0 = null
material/1 = null

[node name="ground_dirt8" type="MeshInstance" parent="ground_dirt2"]
transform = Transform( 1, 0, 0, 0, 1, 0, 0, 0, 1, 10, 0, 20 )
mesh = ExtResource( 30 )
material/0 = null
material/1 = null

[node name="ground_dirt9" type="MeshInstance" parent="ground_dirt2"]
transform = Transform( 1, 0, 0, 0, 1, 0, 0, 0, 1, 10, 0, 30 )
mesh = ExtResource( 30 )
material/0 = null
material/1 = null

[node name="ground_dirt10" type="MeshInstance" parent="ground_dirt2"]
transform = Transform( 1, 0, 0, 0, 1, 0, 0, 0, 1, 10, 0, 40 )
mesh = ExtResource( 30 )
material/0 = null
material/1 = null

[node name="ground_dirt11" type="MeshInstance" parent="ground_dirt2"]
transform = Transform( 1, 0, 0, 0, 1, 0, 0, 0, 1, 20, 0, 10 )
mesh = ExtResource( 30 )
material/0 = null
material/1 = null

[node name="ground_dirt12" type="MeshInstance" parent="ground_dirt2"]
transform = Transform( 1, 0, 0, 0, 1, 0, 0, 0, 1, 20, 0, 20 )
mesh = ExtResource( 30 )
material/0 = null
material/1 = null

[node name="ground_dirt13" type="MeshInstance" parent="ground_dirt2"]
transform = Transform( 1, 0, 0, 0, 1, 0, 0, 0, 1, 20, 0, 30 )
mesh = ExtResource( 30 )
material/0 = null
material/1 = null

[node name="ground_dirt14" type="MeshInstance" parent="ground_dirt2"]
transform = Transform( 1, 0, 0, 0, 1, 0, 0, 0, 1, 20, 0, 40 )
mesh = ExtResource( 30 )
material/0 = null
material/1 = null

[node name="ground_dirt15" type="MeshInstance" parent="ground_dirt2"]
transform = Transform( 1, 0, 0, 0, 1, 0, 0, 0, 1, 30, 0, 10 )
mesh = ExtResource( 30 )
material/0 = null
material/1 = null

[node name="ground_dirt16" type="MeshInstance" parent="ground_dirt2"]
transform = Transform( 1, 0, 0, 0, 1, 0, 0, 0, 1, 30, 0, 20 )
mesh = ExtResource( 30 )
material/0 = null
material/1 = null

[node name="ground_dirt17" type="MeshInstance" parent="ground_dirt2"]
transform = Transform( 1, 0, 0, 0, 1, 0, 0, 0, 1, 30, 0, 30 )
mesh = ExtResource( 30 )
material/0 = null
material/1 = null

[node name="ground_dirt18" type="MeshInstance" parent="ground_dirt2"]
transform = Transform( 1, 0, 0, 0, 1, 0, 0, 0, 1, 30, 0, 40 )
mesh = ExtResource( 30 )
material/0 = null
material/1 = null

[editable path="Player"]
